0,360.0,119.99999237060547
1,360.0,119.99999237060547
2,479.9999694824219,1440.0
3,479.9999694824219,216.0
4,479.9999694824219,216.0
5,479.9999694824219,216.0
6,720.0,216.0
7,720.0,216.0
8,720.0,216.0
9,959.9999389648438,216.0
10,959.9999389648438,216.0
11,959.9999389648438,216.0
12,1200.0,216.0
13,1200.0,216.0
14,1200.0,216.0
15,1440.0,216.0
16,1440.0,216.0
17,1440.0,216.0
18,1680.0,216.0
19,1680.0,216.0
20,1680.0,216.0
21,1819.9560546875,69.27172088623047
22,1840.3330078125,74.35121154785156
23,1956.9912109375,81.24822998046875
24,2006.88427734375,52.99365997314453
25,2047.3408203125,52.55295944213867
26,2095.46923828125,77.13228607177734
27,2248.999267578125,42.615440368652344
28,2158.029541015625,85.63536071777344
29,2372.95703125,75.3841323852539
30,2406.99462890625,64.97111511230469
31,2416.076904296875,83.46382904052734
32,2479.515625,46.803592681884766
33,2554.418212890625,68.42825317382812
34,2622.590087890625,65.19152069091797
35,2640.702880859375,47.9582405090332
36,2705.36962890625,71.55831146240234
37,2762.85205078125,45.315757751464844
38,2863.427490234375,55.84366989135742
39,2903.356689453125,59.89751052856445
40,2982.94482421875,73.91089630126953
41,2932.12548828125,58.930355072021484
42,3043.494140625,37.0256462097168
43,3077.670654296875,80.83533477783203
44,3108.3203125,46.37538146972656
45,3195.0751953125,83.88549041748047
46,3330.39404296875,52.438621520996094
47,3288.276611328125,70.76327514648438
48,3357.443359375,60.24568557739258
49,3440.929443359375,60.631656646728516
50,3471.76220703125,99.49467468261719
51,3543.322265625,50.166683197021484
52,3611.8134765625,71.90338134765625
53,3682.7529296875,52.01585006713867
54,3655.107421875,66.29149627685547
55,3790.0654296875,62.79569625854492
56,3844.42724609375,77.35540771484375
57,3835.963134765625,65.76587677001953
58,4000.22216796875,29.462915420532227
59,3990.87646484375,73.22464752197266
60,4093.051513671875,53.77260208129883
61,4186.97119140625,75.7305908203125
62,4199.76708984375,74.89791870117188
63,4148.29248046875,45.01325988769531
64,4217.1806640625,32.849483489990234
65,4330.1318359375,50.04057693481445
66,4435.38916015625,76.54438781738281
67,4446.451171875,51.183624267578125
68,4503.54638671875,71.45162963867188
69,4569.53369140625,63.6138801574707
70,4585.99853515625,46.97643280029297
71,4680.791015625,74.23381805419922
72,4715.814453125,78.52759552001953
73,4750.52001953125,98.80459594726562
74,4794.208984375,50.912208557128906
75,4918.595703125,68.39664459228516
76,4979.7333984375,62.570796966552734
77,5001.853515625,83.2325439453125
78,5138.57080078125,69.0089111328125
79,5179.2626953125,65.25096893310547
80,5163.49365234375,78.94754028320312
81,5215.28515625,39.697269439697266
82,5310.58154296875,74.78691101074219
83,5379.0234375,54.29561233520508
84,5448.6357421875,49.49852752685547
85,5525.42236328125,79.77188110351562
86,5494.56396484375,39.85251235961914
87,5607.21728515625,45.21490478515625
88,5678.724609375,57.01785659790039
89,5755.77783203125,60.12723922729492
90,5801.3154296875,73.87010192871094
91,5880.04541015625,61.161163330078125
92,5895.43798828125,53.009090423583984
93,5890.94921875,48.12758255004883
94,6027.875,56.65597152709961
95,6097.283203125,63.99541473388672
96,6074.60693359375,73.1224136352539
97,6142.55517578125,64.30618286132812
98,6261.1865234375,58.27540969848633
99,6247.9072265625,77.89812469482422
100,6291.9208984375,49.03096389770508
101,6437.306640625,71.85525512695312
102,6465.53759765625,93.6667709350586
103,6511.30859375,45.63113021850586
104,6549.134765625,76.66500091552734
105,6652.36279296875,56.11980438232422
106,6644.2626953125,68.62870788574219
107,6778.3369140625,66.18354034423828
108,6847.21142578125,60.06729507446289
109,6873.76513671875,82.9471435546875
110,6935.75048828125,47.980552673339844
111,6999.44580078125,63.132659912109375
112,7089.37548828125,61.286102294921875
113,7119.30322265625,52.117088317871094
114,7183.1591796875,69.24618530273438
115,7204.947265625,53.4022216796875
116,7347.02734375,54.659996032714844
117,7373.81005859375,58.95199966430664
118,7472.65673828125,63.69297409057617
119,7432.2177734375,70.02474212646484
120,7537.955078125,39.92045211791992
121,7584.71337890625,81.6187744140625
122,7628.345703125,49.899375915527344
123,7652.20703125,69.71247863769531
124,7806.2705078125,65.63821411132812
125,7753.89794921875,76.82395935058594
126,7862.7548828125,57.53781509399414
127,7956.42724609375,61.559295654296875
128,7996.0703125,89.67848205566406
129,8036.89208984375,47.453765869140625
130,8091.3134765625,72.90916442871094
131,8199.9716796875,58.556312561035156
132,8172.6962890625,68.27814483642578
133,8313.724609375,66.29821014404297
134,8375.3798828125,65.25912475585938
135,8376.2099609375,68.1328353881836
136,8446.9423828125,44.068641662597656
137,8526.46875,76.21269989013672
138,8625.1064453125,58.04634094238281
139,8667.611328125,47.40248107910156
140,8732.5400390625,68.18678283691406
141,8719.671875,38.31694412231445
142,8878.958984375,47.831302642822266
143,8905.275390625,67.74142456054688
144,9006.046875,59.80059814453125
145,8954.9462890625,44.33045196533203
146,9102.212890625,50.6940803527832
147,9144.3173828125,69.52276611328125
148,9173.62109375,43.76387023925781
149,9234.3037109375,71.18610382080078
150,9351.294921875,54.05539321899414
151,9293.861328125,70.2205581665039
152,9378.76171875,57.487972259521484
153,9486.9619140625,58.92008590698242
154,9535.1123046875,85.9577865600586
155,9565.595703125,54.189823150634766
156,9641.2548828125,72.77373504638672
157,9744.4267578125,43.62211227416992
158,9707.51953125,66.32030487060547
159,9844.3466796875,54.20747375488281
160,9911.9345703125,68.48917388916016
161,9931.099609375,76.166015625
162,9996.2578125,35.82149124145508
163,10084.322265625,67.38214874267578
164,10135.8271484375,58.815406799316406
165,10205.15234375,69.17919158935547
166,10274.5498046875,64.06551361083984
167,10278.2646484375,42.955955505371094
168,10384.0908203125,58.54665756225586
169,10449.8115234375,38.8638801574707
170,10547.109375,74.3433837890625
171,10542.9453125,44.782588958740234
172,10566.451171875,54.9261360168457
173,10667.333984375,59.53706741333008
174,10693.14453125,51.80459976196289
175,10766.0341796875,55.72816848754883
176,10826.7802734375,69.65031433105469
177,10861.1201171875,86.43833923339844
178,10873.9541015625,38.82358169555664
179,10974.3193359375,67.86219787597656
180,11027.6103515625,54.50475311279297
181,11090.099609375,70.25940704345703
182,11170.287109375,60.8056640625
183,11173.6552734375,58.746360778808594
184,11304.28125,59.6714973449707
185,11308.8154296875,57.439239501953125
186,11421.1298828125,48.536312103271484
187,11475.5986328125,60.55345153808594
188,11481.5107421875,71.56819152832031
189,11564.3046875,57.1578369140625
190,11624.7275390625,46.250885009765625
191,11639.4267578125,60.67256546020508
192,11735.564453125,59.83723068237305
193,11813.4375,73.31922912597656
194,11824.5556640625,57.28038787841797
195,11935.3505859375,47.99703598022461
196,11984.4208984375,53.54875183105469
197,12062.2919921875,53.825828552246094
198,12092.380859375,48.279884338378906
199,12127.29296875,49.781150817871094
200,12212.4267578125,57.42014694213867
201,12242.658203125,39.23109436035156
202,12338.3818359375,30.83791160583496
203,12461.107421875,55.434661865234375
204,12381.115234375,72.37100219726562
205,12469.5283203125,58.11161422729492
206,12544.3837890625,68.18101501464844
207,12576.1484375,43.963462829589844
208,12627.4345703125,59.348575592041016
209,12724.2021484375,56.17630386352539
210,12740.59765625,54.17006301879883
211,12796.951171875,46.2951774597168
212,12863.4755859375,59.661617279052734
213,12947.6845703125,54.50608444213867
214,12948.697265625,53.73602294921875
215,13002.2861328125,41.82611846923828
216,13068.0625,57.04860305786133
217,13131.8251953125,60.445220947265625
218,13169.857421875,60.617393493652344
219,13236.154296875,67.67137908935547
220,13270.939453125,66.47005462646484
221,13328.2861328125,76.14281463623047
222,13397.9365234375,68.38005065917969
223,13403.2646484375,59.44892501831055
224,13504.0283203125,60.2422981262207
225,13514.728515625,78.78923797607422
226,13605.7451171875,71.0645523071289
227,13640.4052734375,59.82624053955078
228,13693.0771484375,53.0015983581543
229,13743.3671875,69.01467895507812
230,13800.1845703125,59.90106201171875
231,13838.146484375,61.174652099609375
232,13928.1708984375,50.85415267944336
233,13986.4912109375,83.2152328491211
234,14034.8427734375,54.23755645751953
235,14101.5576171875,44.26318359375
236,14146.947265625,50.85803985595703
237,14234.3408203125,69.72868347167969
238,14236.2119140625,51.446044921875
239,14361.904296875,44.07102966308594
240,14418.3193359375,51.06273651123047
241,14420.572265625,70.92301177978516
242,14472.0087890625,47.66701126098633
243,14563.994140625,67.10823822021484
244,14634.8828125,41.61875534057617
245,14674.2197265625,64.78284454345703
246,14730.2041015625,53.390899658203125
247,14760.2294921875,55.54111862182617
248,14884.763671875,58.321311950683594
249,14891.7841796875,65.8841552734375
250,14998.865234375,63.93741226196289
251,14986.76953125,49.708221435546875
252,15101.048828125,59.854549407958984
253,15117.65625,60.310569763183594
254,15166.2861328125,34.6119499206543
255,15244.1572265625,62.22733688354492
256,15357.2958984375,60.16903305053711
257,15289.107421875,72.47711944580078
258,15406.923828125,62.093017578125
259,15509.2470703125,58.30654525756836
260,15535.951171875,79.99623107910156
261,15565.876953125,54.42416000366211
262,15654.595703125,71.48072052001953
263,15752.7958984375,48.40599060058594
264,15734.6865234375,66.57794952392578
265,15860.0166015625,51.363677978515625
266,15915.9755859375,58.10783767700195
267,15921.3232421875,76.58263397216797
268,16010.845703125,38.80670928955078
269,16070.478515625,67.22168731689453
270,16157.375,62.6552734375
271,16181.078125,47.803218841552734
272,16278.2138671875,56.683387756347656
273,16293.2314453125,52.28326416015625
274,16382.8486328125,46.4323844909668
275,16422.814453125,69.12113952636719
276,16513.23046875,77.4009780883789
277,16500.955078125,57.247196197509766
278,16622.046875,61.358482360839844
279,16632.1640625,54.779273986816406
280,16696.0546875,40.755340576171875
281,16766.73828125,52.03838348388672
282,16861.265625,55.345523834228516
283,16878.76171875,46.33680725097656
284,16904.2890625,60.29580307006836
285,17044.052734375,46.99308395385742
286,17100.091796875,52.16104507446289
287,17146.32421875,68.82174682617188
288,17219.923828125,47.89968490600586
289,17229.603515625,-8.366957664489746
290,17294.51171875,44.30314636230469
291,17415.640625,60.0350456237793
292,17473.005859375,50.973487854003906
293,17535.712890625,60.5571174621582
294,17598.43359375,83.07469177246094
295,17668.630859375,76.292236328125
296,17728.630859375,67.280517578125
297,17768.322265625,52.69865798950195
298,17844.193359375,70.78758239746094
299,17964.99609375,62.108116149902344
300,18026.59765625,69.11136627197266
301,18083.021484375,79.57984161376953
302,18228.986328125,80.18594360351562
303,18216.419921875,105.79119873046875
304,18379.443359375,79.76677703857422
305,18443.16015625,74.15555572509766
306,18452.73046875,95.10637664794922
307,18503.005859375,44.11509704589844
308,18571.220703125,62.85031509399414
309,18679.7109375,62.987518310546875
310,18718.578125,50.381927490234375
311,18796.47265625,53.68329620361328
312,18834.0,43.04165267944336
313,18956.349609375,25.823694229125977
314,18970.298828125,47.106754302978516
315,19101.896484375,49.26496505737305
316,19121.86328125,39.95386505126953
317,19216.421875,50.06510925292969
318,19239.974609375,62.42115783691406
319,19285.78125,49.62773895263672
320,19381.265625,68.9476318359375
321,19450.17578125,82.26722717285156
322,19416.86328125,57.348323822021484
323,19466.228515625,76.2360610961914
324,19598.236328125,77.80770874023438
325,19564.455078125,86.27737426757812
326,19652.9765625,71.52978515625
327,19768.0234375,77.20027923583984
328,19820.744140625,89.9647216796875
329,19867.455078125,49.37752914428711
330,19883.650390625,77.26510620117188
331,20032.1875,52.93510437011719
332,20013.119140625,67.1627426147461
333,20145.208984375,74.582275390625
334,20197.8515625,55.58285903930664
335,20234.6171875,87.75743865966797
336,20296.087890625,51.29241180419922
337,20351.076171875,75.66304016113281
338,20452.376953125,58.76767349243164
339,20497.892578125,49.28117370605469
340,20572.2265625,59.0367546081543
341,20590.912109375,41.72199249267578
342,20730.7890625,64.88996887207031
343,20737.59375,63.445091247558594
344,20838.810546875,73.69920349121094
345,20800.01953125,57.60342025756836
346,20909.0625,44.34577178955078
347,20971.607421875,67.90205383300781
348,21023.884765625,45.70073318481445
349,21066.505859375,73.12229919433594
350,21190.208984375,63.63092041015625
351,21142.8359375,81.65812683105469
352,21235.001953125,65.0460433959961
353,21321.845703125,69.18596649169922
354,21373.9765625,93.88873291015625
355,21411.24609375,56.57326889038086
356,21464.361328125,73.86649322509766
357,21598.490234375,59.37110900878906
358,21585.2421875,71.93451690673828
359,21713.390625,58.02702713012695
360,21765.869140625,72.74575805664062
361,21778.025390625,76.49959564208984
362,21821.443359375,50.578853607177734
363,21891.869140625,88.29261016845703
364,21980.814453125,49.587554931640625
365,22047.568359375,65.87127685546875
366,22118.51171875,58.409339904785156
367,22123.966796875,56.003578186035156
368,22253.12109375,57.21600341796875
369,22279.353515625,71.6672134399414
370,22389.076171875,64.31361389160156
371,22359.58984375,35.55818176269531
372,22450.369140625,61.08839797973633
373,22515.7578125,43.46126174926758
374,22537.37890625,58.832279205322266
375,22648.625,64.91283416748047
376,22715.208984375,58.20131301879883
377,22707.365234375,73.51770782470703
378,22742.181640625,45.738250732421875
379,22832.994140625,67.74774932861328
380,22897.9765625,51.14410400390625
381,22885.81640625,68.03170776367188
382,22979.015625,36.09257125854492
383,23013.921875,46.918487548828125
384,23078.869140625,74.54586029052734
385,23111.669921875,55.41057586669922
386,23182.625,68.85938262939453
387,23220.607421875,44.26029586791992
388,23277.19140625,36.72398376464844
389,23349.623046875,52.88071060180664
390,23382.509765625,41.79814529418945
391,23461.236328125,74.4999008178711
392,23473.34375,76.54666137695312
393,23504.19921875,87.96469116210938
394,23550.76171875,49.61375427246094
395,23601.49609375,43.11003494262695
396,23674.61328125,58.096961975097656
397,23679.015625,27.60869789123535
398,23736.505859375,51.617218017578125
399,23791.45703125,48.15178298950195
400,23796.92578125,83.88182830810547
401,23904.818359375,68.47329711914062
402,23932.328125,51.876976013183594
403,23975.1796875,67.42538452148438
404,23998.599609375,43.51343536376953
405,24043.474609375,46.467796325683594
406,24123.912109375,40.0029296875
407,24144.865234375,59.87641906738281
408,24222.73046875,43.9849967956543
409,24281.439453125,52.50106430053711
410,24321.48828125,71.09063720703125
411,24339.4453125,44.291378021240234
412,24401.9609375,65.80622863769531
413,24424.279296875,28.45124626159668
414,24517.541015625,30.732677459716797
415,24538.279296875,44.05670928955078
416,24582.052734375,25.713796615600586
417,24661.88671875,52.63205337524414
418,24689.75390625,83.0816879272461
419,24716.28125,80.9410171508789
420,24770.87109375,79.46061706542969
421,24824.234375,77.33548736572266
422,24872.294921875,38.27165222167969
423,24908.89453125,41.1385383605957
424,24998.865234375,58.675315856933594
425,25031.75,63.47262191772461
426,25065.08984375,77.9333724975586
427,25100.69140625,35.79595947265625
428,25157.248046875,51.46758270263672
429,25224.814453125,55.103084564208984
430,25225.978515625,40.55352783203125
431,25290.701171875,41.7495231628418
432,25327.61328125,39.800228118896484
433,25400.423828125,62.117218017578125
434,25424.4375,54.93257522583008
435,25460.623046875,62.9027099609375
436,25532.556640625,70.85774230957031
437,25571.626953125,55.122840881347656
438,25606.3828125,71.68830108642578
439,25654.876953125,45.304656982421875
440,25727.974609375,67.3554458618164
441,25776.146484375,51.48001480102539
442,25802.91796875,63.60139083862305
443,25845.90625,56.701595306396484
444,25925.3671875,46.90916061401367
445,25992.09375,81.77135467529297
446,26020.77734375,55.4183464050293
447,26067.689453125,57.61674118041992
448,26140.87109375,39.10865020751953
449,26187.794921875,54.69501876831055
450,26238.37890625,56.95735549926758
451,26278.7578125,63.514583587646484
452,26323.546875,52.597415924072266
453,26383.00390625,67.04973602294922
454,26422.234375,63.99191665649414
455,26485.171875,63.50237274169922
456,26526.154296875,62.4384765625
457,26583.2421875,70.25141906738281
458,26621.333984375,55.635475158691406
459,26709.48046875,47.07722854614258
460,26763.421875,63.0412483215332
461,26809.1953125,84.72726440429688
462,26870.64453125,56.56660842895508
463,26956.673828125,68.57586669921875
464,27002.705078125,56.048423767089844
465,27026.375,67.95533752441406
466,27073.0078125,50.8383903503418
467,27184.08984375,67.09880065917969
468,27174.77734375,79.32096862792969
469,27219.8203125,75.05561065673828
470,27284.078125,69.54940795898438
471,27383.6328125,81.31156158447266
472,27408.021484375,68.61205291748047
473,27504.294921875,67.71089935302734
474,27561.8203125,40.83481979370117
475,27667.302734375,77.07927703857422
476,27700.166015625,62.45823287963867
477,27775.146484375,67.2624282836914
478,27856.580078125,66.64300537109375
479,27860.033203125,71.76844787597656
480,27983.06640625,63.393585205078125
481,28037.994140625,52.91889572143555
482,28049.763671875,90.87487030029297
483,28136.50390625,57.681793212890625
484,28175.57421875,68.1364974975586
485,28292.177734375,72.84011840820312
486,28349.259765625,58.58473205566406
487,28420.98046875,70.2867202758789
488,28437.537109375,65.05204010009766
489,28549.23046875,56.924495697021484
490,28633.974609375,70.34710693359375
491,28680.267578125,74.10050201416016
492,28726.5703125,77.1192398071289
493,28749.419921875,67.6269760131836
494,28859.763671875,77.14410400390625
495,28920.63671875,55.28779983520508
496,28966.9296875,73.99481964111328
497,29076.974609375,83.21023559570312
498,29092.626953125,73.02483367919922
499,29088.55078125,89.5136947631836
500,29226.736328125,64.77096557617188
501,29297.556640625,85.13688659667969
502,29320.044921875,95.0882797241211
503,29431.994140625,83.28128051757812
504,29453.943359375,75.7407455444336
505,29598.515625,76.86747741699219
506,29575.099609375,91.6528091430664
507,29727.98828125,64.71746063232422
508,29776.853515625,69.66329956054688
509,29785.240234375,95.83113861083984
510,29854.2734375,53.46061325073242
511,29943.6015625,86.47874450683594
512,30050.705078125,83.5459213256836
513,30105.2578125,60.69987106323242
514,30189.87109375,63.6901969909668
515,30216.267578125,69.74388885498047
516,30347.865234375,40.60969543457031
517,30374.982421875,79.61447143554688
518,30501.13671875,84.77699279785156
519,30452.251953125,67.36521911621094
520,30622.013671875,67.65450286865234
521,30610.251953125,69.97323608398438
522,30704.9609375,56.82037353515625
523,30777.28125,75.94544982910156
524,30887.6171875,84.71505737304688
525,30833.408203125,78.5634536743164
526,30912.94921875,76.32442474365234
527,31031.39453125,90.58824920654297
528,31081.486328125,78.78679656982422
529,31145.912109375,78.69488525390625
530,31259.44140625,80.16551208496094
531,31381.099609375,71.17855072021484
532,31374.734375,76.7378158569336
533,31521.943359375,70.37308502197266
534,31575.14453125,80.81868743896484
535,31595.818359375,86.41191864013672
536,31688.955078125,83.21267700195312
537,31751.552734375,85.82135772705078
538,31862.431640625,99.80654907226562
539,31894.98828125,80.59178161621094
540,32005.6015625,78.96574401855469
541,32052.349609375,82.79129028320312
542,32123.4453125,76.18255615234375
543,32187.76953125,88.21356964111328
544,32318.78515625,75.8779525756836
545,32285.4765625,90.00634765625
546,32397.490234375,62.756622314453125
547,32459.9453125,63.94396209716797
548,32557.958984375,78.89558410644531
549,32626.548828125,57.41648483276367
550,32718.29296875,79.87001037597656
551,32779.6015625,70.04849243164062
552,32794.54296875,76.18522644042969
553,32949.921875,77.56082916259766
554,32986.57421875,72.62432098388672
555,33005.515625,97.65677642822266
556,33111.01953125,73.49128723144531
557,33187.8125,89.00638580322266
558,33285.08984375,83.64960479736328
559,33345.46875,72.024658203125
560,33423.33203125,73.26505279541016
561,33456.5546875,75.8024673461914
562,33589.09375,76.50625610351562
563,33632.109375,87.108154296875
564,33725.859375,97.99112701416016
565,33732.953125,76.53689575195312
566,33834.4453125,83.64183044433594
567,33907.1953125,79.88111114501953
568,34022.14453125,57.94710159301758
569,34199.796875,83.84697723388672
570,34336.0234375,76.33086395263672
571,34300.078125,92.16411590576172
572,34370.62109375,76.003173828125
573,34526.375,79.9537124633789
574,34576.64453125,96.16793823242188
575,34653.75,74.41109466552734
576,34844.97265625,102.00050354003906
577,34965.0078125,97.9704818725586
578,34980.7109375,92.05599212646484
579,35079.7109375,74.22749328613281
580,35295.24609375,72.63786315917969
581,35357.30078125,85.47301483154297
